Frequency (GHz),Peak (mV),Noise (mV),SigPeak (mV),SigNoise (mV)
2.50000e-01,3.71809e-01,2.55333e-02,1.09484e-03,3.38625e-04
3.22785e-01,4.58739e-01,2.34167e-02,1.09885e-02,1.94079e-04
3.95570e-01,7.88895e-01,2.77167e-02,4.76254e-02,5.07609e-04
4.68354e-01,2.06418e+00,4.79833e-02,6.07609e-02,2.22860e-04
5.41139e-01,8.46467e-01,2.78500e-02,0.00000e+00,5.47723e-05
6.13924e-01,8.36682e-01,2.75667e-02,2.46281e-02,6.86052e-04
6.86709e-01,2.12192e+00,4.83833e-02,6.36703e-02,5.07609e-04
7.59494e-01,9.25237e-01,3.59833e-02,2.21627e-02,3.07208e-03
8.32278e-01,1.75475e+00,4.46833e-02,8.75826e-02,9.45339e-04
9.05063e-01,3.29073e+00,6.62333e-02,7.58570e-02,3.73774e-03
9.77848e-01,4.26375e+00,8.73667e-02,9.82878e-02,2.35344e-03
1.05063e+00,4.88832e+00,9.37500e-02,1.11349e-01,1.19122e-03
1.12342e+00,3.87746e+00,7.56333e-02,0.00000e+00,1.15007e-03
1.19620e+00,4.30029e+00,8.26500e-02,1.26582e-01,4.63681e-04
1.26899e+00,4.35978e+00,8.12833e-02,2.02136e-01,1.80601e-03
1.34177e+00,3.41539e+00,6.72167e-02,8.18109e-02,6.61564e-04
1.41456e+00,3.00338e+00,6.03500e-02,0.00000e+00,7.44983e-04
1.48734e+00,1.68286e+00,3.60667e-02,0.00000e+00,2.42212e-04
1.56013e+00,1.17603e+00,2.72833e-02,2.71097e-02,6.55490e-04
1.63291e+00,1.80475e+00,3.85333e-02,5.41531e-02,8.75595e-04
1.70570e+00,1.79827e+00,3.89833e-02,5.39584e-02,6.43169e-04
1.77848e+00,1.77446e+00,3.81500e-02,4.25044e-02,1.64317e-04
1.85127e+00,1.20480e+00,3.96667e-02,3.79758e-02,2.36530e-03
1.92405e+00,1.12775e+00,2.77500e-02,6.79363e-02,9.35414e-04
1.99684e+00,2.68752e+00,5.53333e-02,8.47130e-02,1.44314e-03
2.06962e+00,3.92987e+00,7.66333e-02,9.41343e-02,5.24087e-04
2.14241e+00,5.58524e+00,1.17000e-01,1.67590e-01,2.19089e-03
2.21519e+00,5.00801e+00,9.38333e-02,1.57857e-01,8.95917e-04
2.28797e+00,3.60043e+00,6.86833e-02,8.29973e-02,1.15658e-03
2.36076e+00,1.57316e+00,2.89833e-02,7.38967e-02,7.08284e-04
2.43354e+00,7.23197e-01,2.15000e-02,7.68730e-02,3.75340e-03
2.50633e+00,1.71270e+00,2.31833e-02,1.44114e-01,7.02614e-04
2.57911e+00,8.73999e-01,1.87833e-02,6.09984e-02,1.07595e-03
2.65190e+00,2.01240e+00,3.12667e-02,1.14797e-01,8.26236e-04
2.72468e+00,1.89771e+00,2.52667e-02,4.37458e-02,7.96660e-04
2.79747e+00,3.33095e+00,4.47500e-02,1.01031e-01,5.17948e-03
2.87025e+00,3.51144e+00,6.66667e-02,1.06442e-01,2.16117e-03
2.94304e+00,2.42040e+00,3.20333e-02,2.22857e-01,1.61080e-03
3.01582e+00,1.38868e+00,2.15500e-02,6.77966e-02,7.96869e-04
3.08861e+00,2.88128e+00,3.70833e-02,2.73669e-01,2.40866e-03
3.16139e+00,3.24573e+00,3.88167e-02,2.36037e-01,9.08662e-04
3.23418e+00,5.56518e+00,8.34167e-02,1.66988e-01,1.03066e-02
3.30696e+00,3.46323e+00,3.90167e-02,2.58397e-01,1.53677e-03
3.37975e+00,5.22679e+00,1.03333e-01,0.00000e+00,1.21106e-03
3.45253e+00,3.58437e+00,7.45833e-02,1.30532e-01,1.51184e-03
3.52532e+00,2.02262e+00,4.79333e-02,6.37549e-02,6.62319e-04
3.59810e+00,3.71516e+00,7.67833e-02,1.17105e-01,1.77022e-03
3.67089e+00,5.94382e+00,1.13833e-01,1.42376e-01,3.31160e-03
3.74367e+00,4.06761e+00,8.40500e-02,2.09345e-01,1.39821e-03
3.81646e+00,9.31250e-01,4.52000e-02,8.00639e-02,3.47218e-03
3.88924e+00,4.37500e+00,9.20000e-02,9.46638e-02,1.53753e-03
3.96203e+00,3.81888e+00,8.49167e-02,1.12412e-01,8.30462e-04
4.03481e+00,3.41869e+00,8.12667e-02,4.75074e-16,1.54747e-03
4.10759e+00,3.20164e+00,1.06550e-01,9.42426e-02,1.24245e-02
4.18038e+00,2.15142e+00,6.21333e-02,6.56377e-02,2.58276e-03
4.25316e+00,1.70679e+00,5.86667e-02,8.12865e-02,1.23720e-03
4.32595e+00,1.61428e+00,5.39000e-02,4.84381e-02,3.28634e-04
4.39873e+00,2.56118e+00,1.22667e-01,6.13499e-02,1.96943e-02
4.47152e+00,2.72535e+00,7.49500e-02,4.75074e-16,1.61090e-03
4.54430e+00,1.93636e+00,6.39333e-02,0.00000e+00,7.22957e-04
4.61709e+00,2.70967e+00,7.80333e-02,6.24628e-02,2.04809e-03
4.68987e+00,2.53680e+00,7.58833e-02,1.48845e-01,1.71629e-03
4.76266e+00,3.09922e+00,8.63500e-02,7.42383e-02,5.57674e-04
4.83544e+00,2.65373e+00,8.31833e-02,1.98000e-01,2.50553e-03
4.90823e+00,2.16482e+00,7.28167e-02,0.00000e+00,7.98540e-04
4.98101e+00,2.24733e+00,7.69167e-02,5.18055e-02,1.44002e-03
5.05380e+00,2.76218e+00,8.10000e-02,6.61648e-02,1.24740e-03
5.12658e+00,1.94045e+00,6.69000e-02,8.99662e-02,1.08074e-03
5.19937e+00,1.16496e+00,5.24833e-02,3.42914e-02,9.43221e-04
5.27215e+00,1.38270e+00,5.47000e-02,3.18740e-02,8.78635e-04
5.34494e+00,1.04383e+00,3.44167e-01,1.10955e-01,6.08002e-03
5.41772e+00,1.11474e+00,4.58833e-01,2.17903e-01,4.30891e-03
5.49051e+00,1.13492e+00,4.84167e-01,1.17970e-01,4.95648e-03
5.56329e+00,1.22434e+00,5.15667e-01,5.67645e-02,6.47045e-03
5.63608e+00,1.07297e+00,4.99167e-01,2.71660e-01,4.44597e-03
5.70886e+00,1.00171e+00,5.13000e-01,9.90402e-02,5.65685e-03
5.78165e+00,1.23126e+00,5.67667e-01,4.48389e-02,5.12510e-03
5.85443e+00,1.36167e+00,5.54333e-01,1.09512e-01,9.91295e-03
5.92722e+00,1.03759e+00,5.88833e-01,4.81067e-02,1.02062e-02
6.00000e+00,1.06490e+00,6.20500e-01,1.43729e-01,8.11788e-03
